1110000000000000000000000000000000000000000000000000000000000000000000000000000000000000000000000000
1111000000000000000000000000000000000000000000000000000000000000000000000000000000000000000000000000
0011100000000000000000000000000000000000000000011111000000000000000000000000000000000000111111000000
0001110000000000000000000000000000000111111111111111111110000000000000000000000000000000111111111110
0000111000000000000000000000000000011111111111111111111111111110000000000000000000000000011111111111
0000111000000000000000000000000011111111111111111111111111111111110000000000000000000000000111111111
0000111110000000000000000000000111111000000000000000111111111111111111111111000000000111111111111111
0000011100000000000000000000011111110000000000000000000000111111111111111111111111111111111111111111
0000011100000000000000000000111111100000000000000000011111111111111111111111111111111111111111111111
0000111100000000000000000001111110000000000000000000011111111111111111111111111111111111111111111111
0001111000000000000000000011111100000000000000000000011111111111111111111111111111111111111111111111
0001111000000000000000000111111000000000000000000000000000000000000000000000000000000001111111111111
0001111000000000000000001111111000000000000000000000000000000000000000000000000000000011111111111111
0001111000000000000000011111110000000000000000000000000000000000000000000000000000000111111111111111
0001111000000000000000011111100000000000000000000000000000000000000000000000000000001111111111111111
0001110000000000000000111111100000000000000000000000000000000000000000000000000000011111111111111100
0011110000000000000001111111000000000000000000000000000000000000000000000000000000111111111111111000
0011110000000000000011111110000000000000000000000000000000000000000000000000000111111111111111110000
0011110000000000000011111110000000000000000000000000000000000000000000000000111111111111111111100000
0011110000000000000111111100000000000000000000000000000000000000000000000011111111111111111111000000
0011110000000000000111111000000000000000000000000000000000000000000000000111111111111111111111000000
0011110000000000001111110000000000000000000000000000000000000000000000011111111111111111111110000000
0011110000000000011111100000000000000000000000000000000000000000000001111111111111111111111100000000
0011111110000000011111100000000000000000000000000000000000000000001111111111111111111111111110000000
0011111110000000111111000000000000000000000000000000000000000000111111111111111111100000111100000000
0011111111000000111110000000000000000000000000000000000000000001111111111111111110000000111100000000
0001111111000001111110000000000000000000000000000000000000000011111111111111111000000000000000000000
0001111111000011111100000000000000000000000000000000000000001111111111111111110000000000000000000000
0000111111000011111100000000000000000000000000000000000000011111111111111111100000000000000000000000
0000011111100111111000000000000000000000000000000000000001111111111111111110000000000000000000000000
0000011111101111110000000000000000000000000000000000000001110001111111111100000000000000000000000000
0000001111111111100000000000000000000000000000000000000001110001111111111000000000000000000000000000
0000001111111111100000111000000000000000000000000000000000000001111111111000000000000000000000000000
0000001111111111100000111000000000000000000000000000000000000111111111111000000000000000000000000000
0000001111111111000001111000000000000000000000000000000000001111111111111100000000000000000000000000
0000001111111110000011110000000000000000000000000000000000011111111111111111100000000000000000000000
0000001111111110001111100000000000000000000000000000000000111111000000011111111100000000000000000000
0000001111111100111111000000000000000000000000000000000001111110000000000111111111110000000000000000
0000001111111111111110000000000000000000000000000000000011111100000000000011111111111111100000000000
0000001111111111111000000000000000000000000000000000000111111000000000000000111111111111111111111111
0000001111111111110000000000000000000000000000000000011111110000000000000000001111111111111111111111
0000011111111111100000000000000000000111000000000000111111000000000000000000000000111111111111111111
0000011111111111000000000000000000001111000000000001111110000000000000000000000000000111111111111111
0000011111111110000000000000000000011110000000000001111100000000000000000000000000000000111111111111
0000111111111110000000000000000001111100000000000011111000000000000000000000000000000000111111111111
0000111111111100000000000000000001111100000000000111110000000000000000000000000000000000111111111111
0001111111111100000000000000000011111000000000001111100000000000000000000000000000000001111111111111
0011111111111100000000000000000111110000000000011111000000000000000000000000000000011111111111111110
0111111111111000000000000000000111110000000000111110000000000000000000000000000011111111111101111100
1111111111111000000000000000001111100000000001111110000000000000000111111111111111111111100011111000
1111111111110000000000000000011111000000000011111100000000000001111111111111111111111110000011111000
1111111111100000011110000000111110000000000011111000000000000001111111111111111111111000000111110000
1111111111111111111110000011111100000000000111110000000000000000000000011111111111100000000111110000
1111111111111111111100000111111000000000000111110000000000000000000001111111111000000000001111100000
1111111111111111111111111111110000000000001111100000000000000000000111111111000000000000011111000000
1111111111111111111111111111100000000000001111100000000000000000011111111100000000000000011111000000
1111111100000011111111111111100000000000011111000000000000000000111111100000000000000000111110000000
1111111100000011111111111111000000000000111111000000000000000011111100000000000000000000111100000000
1111111000000111111111111110000000000000111110000000000000011111100000000000000000000001111100000000
1111111111111111111111111000000000000011111110000000000000111100000000000000000000000011111000000000
1111111111111111111111100000000000001111111110000000000011111000000000000000000000000011110000000000
1111111111111111111111000000000011111111111100000000000000000000000000000000000000000111110000000000
1111111111111111111110000000001111111111111000000000000000000000000000000000000000000011110000000000
1111111111111111111100000011111111111111111000000000000000000000000000000000000000000011111000000000
1111111111111111111000111111111111111111111000000000000000000000000000000000000000000000111100000000
1111111111111111111111111111111100000000000000000000000000000000000000000000000000000000011111110000
1111111111111111111111111111110000000000000000000000000000000000000000000000000000000000001111111110
1111111111111111111111111111100000000000000000000000000000000000000000000000000000111111111111111111
1111111111111111111111111100000000000000000000000000000000000000000000000000000011111111111111111111
1111111111111111111111111000000000000000000000000000000000000000000000000000000011110000011111111111
1111111111111111111111100000000000000000000000000000000000000000000000000000000000000000000111111111
1111111111111111111100000000000000000000000000000000000000000000000000000000000000000000000011111111
1111111111111111111100000000000000000000000000000000000000000000000000000000000000000000000001111111
1111111111111111111000000000000000000000000000000000000000000000000000000000000000000000000001111111
1111111111111110000000000000000000000000000000000000000000000000000000000000000000000000000000111111
1111111111111100000000000000000000000000000000000000000000000000000000000000000000000000000000111111
1111111111111000000000000000000000000000000000000000000000000000000000000000000000000000000000111111
1111111111110000000000000000000000000000000000000000000000000000000000000000000000000000000001111111
1111111111111000000000000000000000000000000000000000000000000000000000000000000000000000000011111111
1111111111111110000000000000000000000000000000000000000000000000000000000000000000000000001111111111
1111111111111111100000000000000000000000000000000000000000000000000000000000000000000001111111111111
1111111111111111111000000000000000000000000000000000000111100000000000000000000111111111111111111111
1111111111111111111100000000000000000000000000000000000011111000000000000000011111111111111111111111
1111111111111111111111000000000000000000000000000000000001111100000000000001111111111111111111111111
1111111111111111111111111110000000000000000000000000000111111111111111111111111111111111111111111111
1111111111111111111111111111110000000000001111111111111111111111111111111111111111111111111111111111
1111111111111111111111111111111111111111111111111111111111111111111111111111111111111111111111111000
0111111111111111111111111111111111111111111111111111111111111111111111111111111111111111111100000000
0000111111111111111111111111111111111111111000000000000000111111111111111111111111111111110000000000
0000011111111111100001111111111111111100000000000000000000000011111111111111111111111100000000000000
0000000111111111110000011111111111111111000000000000000000000000000011111111111111100000000000000000
0000000001111111111000001111111111111111100000000000000000000000000111111111100000000000000000000000
0000000000000011111100000011111111111111110000000000000000000000111111111100000000000000000000000000
0000000000000000111110000000011111111111111100000000000000000111111110000000000000000000000000000000
0000000000000000001111000000000000111111111100000000000000000111100000000000000000000000000000000000
0000000000000000000111000000000000000000111110000000000000000000000000000000000000000000000000000000
0000000000000000000000000000000000000000001111000000000000000000000000000000000000000000000000000000
0000000000000000000000000000000000000000000000000000000000000000000000000000000000000000000000000000
0000000000000000000000000000000000000000000000000000000000000000000000000000000000000000000000000000
0000000000000000000000000000000000000000000000000000000000000000000000000000000000000000000000000000
